2.510850104044361	5.076080079915909	0
2.906179728963751	5.155086872682966	0
3.2460799797192306	4.602545712100077	0
3.6032692020400954	3.925431231716434	0
3.3338667820010595	4.986099266957782	0
2.1343798619621994	4.146712152540973	0
3.7635238040866716	3.803077901216159	0
3.3072311054968333	4.193428017905563	0
2.349943367656143	3.739462440173616	0
3.6192976940318076	4.9388921444081735	0
3.4845653110171417	5.221203264275537	0
3.8845848447178426	4.608439433444481	0
2.045756566416573	4.200412997789034	0
2.887699045208123	3.929093554107613	0
3.1532334195468583	5.685678591641166	0
3.900657247150815	3.949845930039706	0
3.1058736176454373	3.7708648377999228	0
3.7441596108958484	4.649848463134101	0
2.916733462904099	5.430750694172615	0
3.088324947642495	3.4947540542267816	0
3.1609215103632367	4.354279573617166	0
3.390163747752572	4.107473644173174	0
3.6531009219090764	4.469884320486623	0
2.141079635548775	4.168019245126654	0
3.1638860530512627	4.73930531966151	0
2.835904388152775	4.102584146248289	0
3.7402419772301085	4.802268937512489	0
3.0742686138135613	5.329928526043857	0
3.6431225219110415	4.302497381085251	0
3.5246614746974667	4.554379796110417	0
4.253089102034762	3.959609084660723	0
3.031532967497336	3.9351450372702264	0
2.1053635983170818	4.999250689466029	0
2.8479196794264148	5.743086711911198	0
3.7534149478241607	3.988213445708869	0
3.0420484079525294	4.817915051516935	0
3.7010400532779735	4.006801472955589	0
2.9312361345937727	4.1981919521402205	0
3.6629077157148258	4.738335881211508	0
2.928967055975584	4.984243739443233	0
3.099790827928853	5.032084392833773	0
3.0733843958293057	5.249189144464195	0
3.2132675050444344	4.351516489540092	0
4.346147497331659	4.726348753759666	0
2.362599031576064	4.445630926038222	0
3.483307316127781	3.737665402490231	0
3.5619454996391715	5.162511281896732	0
3.0491830623716165	5.655158001600012	0
2.6100402046093625	4.6184442434116315	0
2.7943803067230726	3.8953942853193873	0
3.6278378685931285	4.687800321609791	0
3.0902457612596392	3.9429060265926084	0
3.8171222780794714	4.076298928673749	0
4.086219663957723	5.275303618022301	0
3.075240592904731	4.264266286761891	0
3.438797265513536	4.023767151135678	0
3.2778446118383893	3.424759053029291	0
3.453059666659626	4.708783473756454	0
3.016674002382878	4.865732698850982	0
3.342036244043873	4.580082526513207	0
2.7137112238601304	4.120522685861804	0
3.6809581510056866	4.19380329945154	0
2.6274248114352563	5.0569067143163124	0
3.2154263649693187	4.247107158949734	0
3.504075425232518	4.286956295926382	0
3.5571161786254035	3.721668459515421	0
2.5318887106251724	4.502202985844839	0
3.712100395901392	4.259487580556832	0
3.132721657662692	4.781558801940075	0
3.170756378973781	4.103915988580037	0
2.7743989000701776	4.773763423324496	0
3.7091478669613647	5.484513808490133	0
3.4350658198708466	4.8872323248070195	0
3.876420917430191	4.805112460587253	0
4.512730575899653	4.4650063140205205	0
4.063546305755641	4.196724742799955	0
3.273592457068413	4.7219606442756135	0
1.6134403767279692	5.316510871846358	0
3.1941994547018844	4.184640210177454	0
2.905052332870628	4.166396616511989	0
3.1291284239665416	4.394102412014974	0
2.9476988368766963	4.243592481480874	0
3.8061700589324206	4.789075710365638	0
3.2757854299160174	4.978135520190099	0
3.0800817389261956	5.087143125836277	0
3.671328215181481	4.674459473361421	0
3.9858019897854313	4.203992663060199	0
3.58306060971287	4.114800864545123	0
4.4895599618124375	5.271149104058336	0
3.07701204241723	4.7558971083286785	0
3.19316076552693	3.919233877828632	0
3.2311853243097075	3.7778669790647084	0
3.8845885489199428	4.1596334445560785	0
4.2544381090304775	3.826020775746768	0
3.20449648197228	4.345184555897236	0
3.002259034431808	4.8999880953939075	0
2.3888870540780434	4.07077021733312	0
3.1158970238938384	4.966417929687999	0
3.4817347437904256	4.938898547670257	0
2.905487698631865	5.201574994880516	0
3.0308978536589546	4.697877249888936	0
3.705708209531436	4.430558337976102	0
3.2227222428570204	4.7628866646373655	0
3.207814180122355	4.19537640313637	0
4.169010749752238	4.474777014534825	0
4.039933576477193	4.769098107786939	0
3.455619976125325	5.653936930039979	0
2.4175076458113707	4.388434452366566	0
3.074261054492058	4.494010896844109	0
3.79137695016449	3.945977969162568	0
3.1001608777869225	5.562386884656892	0
4.148274223037902	3.3771607861611628	0
3.6620738262131574	4.900810089254008	0
3.2098099215018885	4.811473353531636	0
4.0610148041503535	4.109652638048856	0
4.06305459002769	3.9328473886425255	0
2.910536563136632	4.190456628561013	0
3.49194681604713	3.2520448504436166	0
4.0092708635688705	5.016727792914409	0
3.2590712099242825	3.4441314123400204	0
3.350748302598924	4.286463566930068	0
3.514240422685445	3.995293036450893	0
3.7612128732868295	4.863799570006266	0
3.9423396307450123	5.33267482123607	0
3.0942211379338143	4.441076546525558	0
3.42877545429562	4.5724739259683895	0
3.116037403214339	5.690967082599561	0
3.4249815991936043	4.708465818022198	0
3.3311659907408653	3.3199224149030675	0
3.501426556784616	4.71912550241093	0
3.553829458901704	4.0314828787535335	0
3.497827581983517	4.724682515962121	0
2.7959128894327425	4.512321958142933	0
3.222055593744314	4.575536947620204	0
3.688805552897747	3.628566535804818	0
3.4132893158383237	4.47763828657179	0
2.9519459171807765	5.022144017602027	0
3.2818368714423207	4.458312159182544	0
2.96483182380679	4.441207528859303	0
3.343820272793191	4.334431608914772	0
2.8979657703886494	4.918455928443486	0
3.0988548622547096	4.984401055109437	0
2.8518193806067043	4.574694133074987	0
3.932962913605741	4.7185406576797515	0
3.623460394125829	4.271173765310395	0
3.365854664977762	5.349662797052569	0
3.710487674460547	3.9194380011165992	0
3.5393268024432447	3.767003504583097	0
3.5028924342196888	4.928977965664852	0
2.9744284267297676	4.307437404439066	0
1.3601432805698868	3.9570377645432084	1
1.6787902309418614	3.3430721343739935	1
1.4879076000646099	3.5643246138631146	1
1.3897239058250412	3.521055626799694	1
1.6051747556833205	3.1225134561276295	1
2.0390269751156014	3.4143918873994386	1
1.4966088851069448	3.8827006998588494	1
1.0725964876113112	3.7238722858013857	1
1.5772633670963085	3.5035952799882013	1
1.8013240510305615	2.3851457855479854	1
0.08698336710143084	4.3260002095558505	1
1.981669696411778	2.9862896412088684	1
1.7188565305304166	3.7601999622022975	1
2.1355821677622235	4.289459474956387	1
1.1966015846767475	3.157872616089933	1
1.3869127123779414	3.288533876590641	1
1.1918379513998612	3.8810691116677196	1
1.9546406632588926	3.5632539491033763	1
1.0567750226780221	4.142325905932046	1
2.1221203812873557	3.951992932891189	1
1.451912896795423	4.425889454378609	1
1.0357831583868995	3.307009700285079	1
0.571277973716703	3.8452873077357608	1
1.6666147458283522	3.418339159815165	1
1.5368462031085457	4.667675296582023	1
1.7249736929149608	3.281819302561794	1
1.7362290669307114	3.3748005233272953	1
1.7279170965517314	3.426924918052935	1
0.4620903592259813	3.857894470932961	1
2.0843018521066243	3.4602334422837684	1
1.888296616207496	4.151444496117385	1
0.9890653992198357	3.5767066518270685	1
2.2870570097030662	3.408154257233836	1
1.7352900065333683	3.5653200279913513	1
1.2998117554755384	3.7578865575467866	1
1.3871628995039325	3.4474097884651655	1
1.972859296116418	3.4721736513534034	1
1.5631871540077125	3.1129612476516693	1
1.0071335147886025	3.445398392182669	1
0.8637463413365268	3.2492578507915675	1
1.650503555584844	2.7280599629358933	1
1.3420118392289664	3.6395087521278304	1
1.1906215257974493	3.400949329908601	1
1.182836261930532	4.387359146941263	1
0.6962141090804008	3.914431394914056	1
1.7679026859296012	3.8374402046974216	1
1.688372352100417	3.5942001939415906	1
0.7137149264359982	3.0949806075898563	1
2.2949906114029153	2.9607106677245265	1
1.846712799785381	3.8092414951396454	1
1.6515539589190376	4.215929102804466	1
2.039589729708743	3.747197791410254	1
1.4437556458911098	3.6109349693485933	1
1.1320964485467155	3.57002497372335	1
0.7364826531090445	4.210896486610851	1
0.9543663528135115	4.132838755070443	1
0.9563857241485333	3.1644044249508614	1
2.118577427199283	2.9441626309048945	1
1.2910615842885431	4.113947362382375	1
0.8558176621260757	3.327668852848622	1
1.6735422218344949	3.1225496127976653	1
1.2906535989814636	3.617195507694482	1
1.7286701123573776	3.1794681139908016	1
1.7768034231610172	3.4439739494933335	1
1.196240832077173	4.386314625937965	1
2.3584415439148634	3.8781749236994925	1
0.8429640295428834	2.9037896575430358	1
1.8311493862872439	3.7372220005252337	1
1.2024220392047207	3.7139188164628005	1
0.8892769863828102	3.3693045595439686	1
1.2359663957611802	3.387205994708627	1
1.6689396172877577	3.352603767599671	1
1.1988409305453132	3.7385011040449116	1
2.1542454395003885	3.629363555539333	1
1.4291299892121396	3.1203273581294595	1
1.1550228057001815	3.9467165027870057	1
2.0191739789797376	3.7182106380264353	1
1.7758880415774472	3.414385181580284	1
1.8478712579443506	3.480852314130939	1
1.2910607235250535	3.1378712002203013	1
1.4182872358775935	3.337830762182841	1
1.8153173445041624	3.6723208594380234	1
1.4675554681086254	2.3823418737411846	1
1.0974768991884116	3.782837030471039	1
1.7288511736743455	3.661812968821783	1
1.2958617841026592	4.133733416516858	1
1.6826874777203735	3.222227152603055	1
1.1004801593216476	3.8292830009098067	1
2.1319771168259423	3.7215444691127746	1
1.9941281031773497	3.137340335392321	1
2.1587444232485655	4.72861703685947	1
0.5407936848277384	4.004743535584862	1
1.060793564324782	4.608896639133827	1
1.0856218395964694	3.1289207379223547	1
1.4828991674991683	2.9648504316461066	1
1.4403804288916149	3.764252628803424	1
1.2057136359516565	3.7791522123070727	1
1.5011103710447085	3.183737734579151	1
0.8910805810463069	4.45118039927784	1
0.747205913675947	3.2308476614017545	1
1.9741057567782763	4.347937924096421	1
1.3690739720197127	4.256070458075404	1
1.954503422733322	3.913602504400497	1
0.7603125507922788	3.8385431590685237	1
1.3601915007923038	2.389266274351381	1
1.433620042909376	3.684410462775385	1
1.5204260435083434	2.7633351704325864	1
1.1849675924022738	4.050933079626717	1
0.714610133284671	3.927308479067095	1
2.199818848540177	3.385195538753721	1
1.3601352841158136	2.9890775536101284	1
1.9573590612663159	3.8348409109879693	1
1.6354305641252747	4.5853026535892685	1
1.1462132301332488	3.7669502738062	1
0.8882532824262808	4.01998724379955	1
1.0221969727010594	2.8398929276214755	1
1.4044944354225588	3.6744408393029397	1
1.5516420714970645	4.214983033847235	1
1.1577689335441554	3.3710376444873367	1
1.5637985149532527	3.9529641778628326	1
1.2154963175092317	4.134298635148987	1
1.7819713614039783	4.1393670488590475	1
1.7667699183948624	3.4769593791345557	1
1.3344530180742347	3.703540661926232	1
1.0307250780371648	3.0425356200714724	1
1.428336307959147	4.0149294348463425	1
2.0201474967252007	3.5586670417319115	1
2.2229877014635235	3.727552343739153	1
2.425714860670128	3.1521535139790364	1
1.2909767234087552	4.100911783850181	1
1.824379979925285	3.9565107992736332	1
1.4587122160893236	4.106300575509577	1
2.4889274139035784	3.610598888175351	1
1.6121852794269687	3.203532558724876	1
1.288872642721411	3.126678717988719	1
1.4585383607784614	3.383972813770603	1
1.1724927977250748	4.027006179795688	1
1.2192510546075577	3.939212949912215	1
1.3770658812380847	3.9488474604385058	1
2.280003695827822	3.3099213180079547	1
1.8152730260418908	4.226867316823022	1
1.3520227225861141	3.2010458301028084	1
2.4457103090266665	4.301578470563125	1
1.0482592503956867	2.745096588962147	1
0.6312624313658183	3.758312675808839	1
0.7051513828278361	3.9339693975079357	1
1.3134515995417877	2.709613125649886	1
1.9251793587485033	3.2555449108243293	1
0.9106511706650338	3.347387401325715	1
0.8751324653569506	3.348154979322806	1
4.275555863313619	2.5926977597378857	2
4.819282810819027	3.1095159613937504	2
4.273821538638683	3.3056709745739483	2
4.76596213838654	2.903406794025652	2
5.165709930783704	2.063877126463923	2
4.67180682658621	2.4910615767239452	2
4.01934873632491	3.118656502520233	2
3.9214141631100414	2.3666789471382192	2
4.2329043306000536	3.0564011249009044	2
4.7506708573105785	3.7283825395139973	2
3.7768476807213958	1.7741466473628058	2
3.818353960109759	3.509633237057867	2
3.9227588332165406	2.684503519639127	2
4.057548282828669	3.02872594232517	2
4.072320734766739	2.45406235577971	2
3.997102954209552	2.1019643409815716	2
4.071273442010388	3.603903524217112	2
4.31143428662289	3.2834711553042237	2
4.368059112980625	2.4645847839033577	2
4.6515604392371	2.704217584285459	2
4.9367997612174355	2.9849617509296107	2
4.948681444402157	2.996402419843642	2
3.9447704018420633	2.5982490372338822	2
4.545516843713531	2.376278481213483	2
4.3889185431183915	3.2506894095806325	2
4.03556520461075	3.213373656072762	2
3.6555365781245652	3.6475485428197896	2
4.368282257443553	3.2456013191098845	2
4.50336118663978	3.178783126367816	2
3.587902790966067	2.8284965026907583	2
4.742180779423302	3.0598321394388455	2
4.82012098347438	3.4455324240567116	2
5.20369391421109	2.9789707929775737	2
4.174255544433082	2.9965066652735257	2
4.502802166399733	2.2731752510717924	2
4.687549798510338	2.2842733069145726	2
5.41999585421404	3.5102310759704802	2
4.45648686784042	2.7038169583788014	2
4.5251469766389825	2.2929106540830566	2
5.0000907500449285	3.143119069672956	2
4.83380400423299	3.453772143707787	2
4.513119421633234	2.4049675172842933	2
4.0609549169334835	2.4257346279215577	2
3.849288213459298	3.3600625857998923	2
5.367133001230194	2.5603450799174783	2
4.1483300610467655	3.2994147346655556	2
5.205223086917337	2.748866182100686	2
4.0846144997306295	3.284732282900054	2
4.663678644748772	2.1416976337757325	2
3.6501732184936566	3.5881642342159292	2
4.473940834548945	3.2092349139977645	2
5.011825759295154	2.551638052327923	2
4.951282245985817	2.249020294223179	2
4.993539209232631	2.4299321181906723	2
5.5519445293038014	3.060245995808821	2
4.397084963169978	2.863617073616028	2
4.479507143382109	3.081301323010114	2
4.52827571655707	2.7259449185972073	2
4.875738745822023	3.1874825751203715	2
4.199841341997309	3.003069725493181	2
5.455697415305319	2.6628668621380207	2
4.886676062280545	1.977239724381898	2
5.033800585595468	3.5671713649725856	2
3.925751521516879	2.7666659742375006	2
4.217364787824622	3.3292367208286846	2
4.543078589024568	2.9242114543505022	2
3.370440485670183	3.658938272673024	2
4.619078552287915	3.5052531561561286	2
4.993449820228579	2.980698055352381	2
4.23155603002618	3.6804341792960513	2
3.564612047281526	2.9381895790083083	2
5.328352059012331	2.431863668790956	2
3.743643876689494	2.8714372455505117	2
3.8166033552209933	3.500612238757231	2
3.9667292598548447	3.339645820688833	2
4.426208880863284	2.7986247214328857	2
4.228188300567525	3.0658482818179005	2
4.266115538386935	2.8978405118161787	2
3.8862410870135853	2.5037006147497305	2
4.8269381472344675	3.087893977844639	2
4.125850214606771	1.6681768749940085	2
3.6278661001832555	2.965096864908538	2
5.64255137386243	2.7337012194347214	2
4.74965786091007	3.637109899728154	2
4.720458615930098	3.2820320000313705	2
4.139632836326914	3.1810669314474005	2
4.337946924843208	3.212176008637424	2
4.099821119517289	2.319138450644096	2
4.495396386892353	2.813414436001386	2
5.2368162043703395	2.4101886135825183	2
4.269711053141537	2.87482033117411	2
5.0743323053863785	2.9809618237554387	2
4.283339650386059	2.7334711140851353	2
3.120836912394734	4.571126882405466	2
4.989916655392754	3.218060175416097	2
3.6669587700969024	3.298788037315704	2
3.979274099857723	3.2624412281939765	2
5.320131381755835	2.045699685928813	2
4.302905806780311	3.5664467001436457	2
4.28124726387261	3.548717617738891	2
3.9895370390266676	3.710005752057028	2
5.108000816410905	3.9488923434311074	2
5.192611528595671	2.931741628284387	2
4.88335069439616	2.796990027687415	2
4.388032925616754	2.6421828358690873	2
4.285746765180485	3.0265280578079996	2
5.155314727043614	3.1797011215773026	2
3.5752022535099743	2.7153941769746512	2
4.833842432882955	2.3967215671389135	2
4.941579144397521	2.909007184402402	2
5.118241275851414	2.55931186021614	2
4.045794675758566	2.63607728583384	2
5.345892079502675	2.1700636515853775	2
4.429293747622367	3.3021112355877484	2
4.267563304543423	2.679323548720967	2
4.562022979858685	3.7106876898547805	2
3.850777551773692	3.8689539051098207	2
4.656099821658427	3.045579237630929	2
4.3520349847058135	2.8579973446215843	2
4.424034621118941	3.057979082225526	2
5.076942341528992	2.6237960543617755	2
4.493031025919689	2.8934853267722174	2
4.581071407939964	2.9607030564559462	2
4.555448697988651	2.9991796767626995	2
4.608039676674937	2.383636385036266	2
4.372269615754853	2.6208943735817045	2
3.8880717791969905	2.834181786540599	2
4.213566982891051	3.4752828621435867	2
4.293090386248613	1.9597308616691955	2
4.249232350133829	3.041356396747331	2
5.418513871635382	2.19641529798586	2
4.6216462140902905	3.5713488384523604	2
5.2132647380889505	2.8247320616775897	2
3.7072145724985344	1.9810083144506032	2
4.342227347211823	3.4551768610648907	2
3.7206639149999745	2.3351241744992857	2
5.0166279495895765	2.566223658019549	2
4.704645497438551	3.3209295451304683	2
4.491296127099177	2.5884609621943233	2
4.7901345016185015	3.186226986872803	2
4.006835559126437	2.167224044131741	2
4.332425893611498	3.0297709397437096	2
3.955467136193484	2.491692970102121	2
3.734281460382536	1.9010716368319995	2
3.9571424726527415	3.0942417221783143	2
4.529127369846464	3.675640512359669	2
4.981948664513884	2.9872864153878975	2
4.611988766183528	3.557287471036333	2
5.435029648500117	2.633919591565052	2
4.4036369692748965	2.857871754662841	2
